
         1


             -99.75    -99.25    -98.75    -98.25    -97.75    -97.25    -96.75    -96.25    -95.75    -95.25    -94.75    -94.25    -93.75    -93.25    -92.75    -92.25    -91.75    -91.25    -90.75    -90.25    -89.75    -89.25    -88.75    -88.25    -87.75    -87.25    -86.75    -86.25    -85.75    -85.25    -84.75    -84.25    -83.75    -83.25    -82.75    -82.25    -81.75    -81.25    -80.75    -80.25    -79.75    -79.25    -78.75    -78.25    -77.75    -77.25    -76.75    -76.25    -75.75    -75.25    -74.75    -74.25    -73.75    -73.25    -72.75    -72.25    -71.75    -71.25    -70.75    -70.25    -69.75    -69.25    -68.75    -68.25    -67.75    -67.25    -66.75    -66.25    -65.75    -65.25    -64.75    -64.25    -63.75    -63.25    -62.75    -62.25    -61.75    -61.25    -60.75    -60.25
    49.75    100.00    100.00    105.45    100.00    100.00    100.00    100.00    258.61    235.15    300.00      0.00    134.10    100.00    100.00    100.00    100.00    100.00    100.00    100.00    100.00    100.00    100.00      0.00      0.00    100.00    100.00    100.00    100.00    100.00    100.00    100.00    100.00    100.00    100.00    100.00    100.00    100.00    100.00    100.00    100.00    100.00    100.00    100.00    100.00    100.00    100.00    100.00    100.00    100.00    100.00    100.00    100.00    100.00    100.00    100.00    100.00    100.00    100.00    100.00    100.00    100.00    100.00    100.00    100.00    100.00      0.00      0.00      0.00      0.00      0.00      0.00      0.00      0.00    100.00      0.00      0.00      0.00      0.00      0.00      0.00
    49.25    135.02    124.41    124.41    124.41    124.41    124.41    124.41    189.65    264.22    207.77      0.00    142.46    100.00    100.00    100.00    100.00    100.00    100.00    100.00    100.00    100.00    100.00    100.00    100.00      0.00    100.00    100.00    100.00    100.00    100.00    100.00    100.00    100.00    100.00    100.00    100.00    100.00    100.00    100.00    100.00    100.00    100.91    100.00    100.00    100.00    100.00    100.00    100.00    100.00    100.00    100.00    100.00    100.00    100.00    100.00    100.00    100.00    100.00    100.00    100.00    100.00    101.97      0.00      0.00    169.67      0.00      0.00      0.00    100.00    100.00      0.00      0.00      0.00      0.00      0.00      0.00      0.00      0.00      0.00      0.00
    48.75    152.00    152.00    152.00    152.00    152.00    152.00    152.00    152.00    152.00    152.00    152.00    124.77    124.77    104.65     93.33    100.00    100.00    100.00    100.00    100.00    100.00    100.00      0.00      0.00      0.00      0.00      0.00      0.00    100.00    100.00    100.00    100.00    100.00    100.00    100.00    100.00    100.00    100.00    100.00    100.00    100.00    100.00    100.00    103.00    219.17    100.00    100.00    100.00    100.00    100.00    100.00    100.00    100.00    100.00    103.09    100.00    100.00    100.00    100.00    103.17    108.00      0.00      0.00      0.00    101.43    108.37    100.00    100.00    100.00    100.00    100.00      0.00      0.00      0.00      0.00      0.00      0.00      0.00      0.00      0.00
    48.25    152.00    152.00    152.00    152.00    152.00    152.00    152.00    152.00    152.00    152.00    152.00    152.00    152.00    109.77     86.00     86.00     90.72     93.24     93.24     93.24      0.00      0.00      0.00      0.00      0.00      0.00      0.00      0.00      0.00      0.00    100.00    100.00    100.00    100.00    100.00    100.00    100.00    100.00    100.00    100.00    100.73    101.10    100.00    103.00    100.36    100.00    100.00    100.00    100.00    100.00    100.00    100.00    100.00    100.00    100.00    100.00    100.00    100.00    100.00    103.44    109.32      0.00    101.45    103.59    117.41    113.79    102.42    105.00    102.58    100.33      0.00      0.00      0.00      0.00      0.00      0.00      0.00      0.00      0.00      0.00
    47.75    152.00    152.00    152.00    143.21    152.00    152.00    155.89    152.00    152.00    152.00    152.00    152.00    152.00    167.41    135.72    118.33     94.44    111.67      0.00      0.00      0.00      0.00      0.00      0.00      0.00      0.00      0.00      0.00      0.00      0.00    100.00    100.00    100.00    100.00    100.00    100.00    100.00    100.00    100.00    100.00    101.02    100.12    100.00    100.00    100.00    100.00    100.00    100.00    100.00    100.00    100.00    100.00    100.00    100.00    100.00    100.00    100.00    100.00    102.43    100.66    100.00    103.41    103.83    100.37    100.00    101.68    100.35    103.84    100.00    100.00      0.00      0.00      0.00      0.00      0.00      0.00      0.00      0.00      0.00      0.00
    47.25    152.00    152.00    152.00    152.00    152.00    152.00    152.00    152.00    152.00    152.00    152.00    152.00    152.00    167.61    152.00    152.00    152.00    100.67      0.00      0.00      0.00      0.00      0.00    208.00      0.00      0.00      0.00      0.00      0.00      0.00      0.00    100.00    100.00    100.00    100.00    100.00    100.00    100.00    100.00    100.00    100.38    100.00    100.00    100.00    100.00    100.00    100.00    100.00    100.00    100.00    100.00    100.00    100.00    100.00    100.00    100.00    103.97    103.97    100.68    100.00    126.99    108.62     90.65    100.20    104.75    102.98    106.80    106.96    110.50    103.97      0.00      0.00      0.00      0.00      0.00      0.00      0.00      0.00      0.00      0.00
    46.75    152.00    152.00    152.00    152.00    152.00    152.00    152.00    152.00    152.00    152.00    161.79    152.00    152.00    152.00    152.00    152.00    152.00    152.00    152.00      0.00    152.00    152.00    170.84    158.19    134.97      0.00      0.00      0.00    126.18    152.00      0.00    126.18    100.00    100.00    100.00    100.00    100.00    100.00    100.00    100.00    100.00    100.00    100.00    100.00    100.00    100.00    100.00    100.00    100.00    100.00    100.00    100.00    100.00    100.00    100.00    112.19    103.26    103.97    100.00    119.63    165.00    165.00    165.00    165.00    109.57    106.00    107.43    103.44    103.45    101.99    100.24    106.04      0.00      0.00      0.00      0.00      0.00      0.00    104.25      0.00
    46.25    152.00    152.00    152.00    152.00    152.00    152.00    152.00    152.00    152.00    152.00    152.00    152.00    152.00    152.00    152.00    152.00    152.00    152.00    152.00    152.00    152.00    152.00    152.00    152.00    152.00    137.16    152.00      0.00      0.00      0.00      0.00      0.00      0.00      0.00      0.00    100.00    100.00      0.00      0.00     30.00    100.00    100.77    100.75    100.00    100.00    100.58    100.00    100.00    100.00    100.00    100.00    100.00    108.00    103.92    100.96    110.20    100.00    100.00     99.32    165.00    165.00    165.00    165.00    165.00    109.57    102.94    100.34    100.00    100.51    100.74    100.00    105.18    100.00    100.00    100.00      0.00      0.00    106.35    107.00    103.86
    45.75    152.00    152.00    152.00    152.00    152.00    152.00    152.00    152.00    152.00    152.00    152.00    152.00    152.00    152.00    152.00    178.36    178.36    161.05    152.00    152.00    152.00    152.00    152.00    135.09    144.20      0.00      0.00      0.00      0.00      0.00      0.00      0.00      0.00      0.00      0.00      0.00      0.00      0.00      0.00      0.00    100.00    100.25    100.00    100.00    100.00    100.00    100.00    100.00    100.00    100.76    100.00    100.00    100.67    116.14    100.00    109.66    100.00    100.00     77.75    145.34    165.00     70.89    116.11    165.00    138.22    104.81    102.58    103.10    100.00      0.00    103.53    103.62    103.62    103.62    100.00    106.66    100.33      0.00      0.00      0.00
    45.25    152.00    152.00    152.00    152.00    152.00    152.00    152.00    152.00    152.00    152.00    152.00    152.00    152.00    152.00    152.00    185.98    168.39    152.00    152.00    152.00    152.00    152.00    152.00    152.00    152.00      0.00      0.00      0.00      0.00    157.39    153.79    171.10    152.00      0.00      0.00      0.00      0.00      0.00      0.00      0.00    100.00    100.00    100.00    100.00    100.00    100.00    100.00    102.90    102.06    100.00    143.96    100.00    140.85     86.67     86.47    134.04    161.51    165.00     72.29     53.00    165.00    111.66    119.95    156.93    156.37     79.81      0.00      0.00      0.00      0.00    107.00    103.33    100.00    100.00    107.00      0.00      0.00      0.00      0.00      0.00
    44.75    152.00    152.00    152.00    152.00    152.00    152.00    152.00    152.00    152.00    152.00    152.00    152.00    152.00    152.00    152.00    152.00    152.00    152.00    152.00    152.00    141.08    152.00    152.00    152.00    152.00      0.00      0.00      0.00    157.28    154.20    179.06    196.18    166.32      0.00      0.00      0.00      0.00    119.30    100.00      0.00    102.65    100.00    100.00    101.25    100.00    100.00    100.00    105.02    128.71    183.00    183.00    166.70    135.01    175.43     74.16    119.37    229.00    165.00    145.71    165.00    165.00    165.00    165.00    165.00      0.00      0.00      0.00      0.00      0.00    107.00    103.74      0.00      0.00      0.00      0.00      0.00      0.00      0.00      0.00      0.00
    44.25    144.13    152.00    152.00    152.00    152.00    152.00    152.00    152.00    152.00    152.00    152.00    152.00    152.00    154.75    196.31    193.36    161.52    152.00    152.00    152.00    152.00    152.00    152.00    152.00    152.00      0.00      0.00    171.14    160.15    154.52    153.74    158.72    152.00      0.00      0.00      0.00      0.00    101.39    100.00    105.75    102.98    100.00      0.00      0.00      0.00      0.00      0.00    118.74     65.51    126.59    171.46    165.00    165.00    118.31    164.15    155.00    165.00    165.00    165.00    114.94      0.00      0.00      0.00      0.00      0.00      0.00      0.00      0.00      0.00    107.00      0.00      0.00      0.00      0.00      0.00      0.00      0.00      0.00      0.00      0.00
    43.75    152.00    141.74    152.00    152.00    152.00    152.00    152.00    152.00    152.00    152.00    152.00    152.00    152.00    154.79    163.30    169.99    160.08    152.00    158.09    152.00    152.00    152.00    152.00    152.00      0.00      0.00      0.00    154.20    158.92    152.00    152.00    152.00    142.27    152.00    152.00      0.00    100.00    100.00    103.39    100.00    100.00    104.56      0.00      0.00      0.00      0.00      0.00    118.21    170.91    167.73    192.66    165.00    165.00     59.05    163.92    133.78    165.00    165.00    174.79      0.00      0.00      0.00      0.00      0.00      0.00      0.00      0.00      0.00      0.00      0.00      0.00      0.00      0.00      0.00      0.00      0.00      0.00      0.00      0.00      0.00
    43.25    152.00    152.00    152.00    152.00    152.00    152.00    152.00    162.75    154.73    152.00    152.00    152.00    152.00    169.61    188.20    181.06    185.00    179.91    163.20    152.00    143.83    152.00    152.00    152.00      0.00      0.00      0.00    152.00    152.00    212.46    152.00    152.00    152.00    152.00    152.00      0.00    108.81    101.43    100.00    100.00      0.00    152.28    165.92    172.24    169.08    172.23    169.08    179.96    170.98    164.15    171.40    167.00    141.03    150.32     93.33    156.96    165.00    165.00    110.92      0.00      0.00      0.00      0.00      0.00      0.00      0.00      0.00      0.00      0.00      0.00      0.00      0.00      0.00      0.00      0.00      0.00      0.00      0.00      0.00      0.00
    42.75    152.00    152.00    152.00    152.00    152.00    152.00    152.00    162.21    165.00    154.73    152.00    152.00    152.00    163.61    193.00    186.62    190.69    185.00    185.00    129.60     99.00    152.00    152.00    152.00    116.34      0.00      0.00    136.31    190.78    168.19    152.00    158.38    191.70    191.93    152.00    113.95      0.00      0.00      0.00      0.00      0.00    146.41    100.71    125.69    176.87    182.37    179.95    128.91    128.91    139.67    106.86    144.59    170.30    175.25     91.44    166.85    165.00    159.03    104.00      0.00      0.00      0.00      0.00      0.00      0.00      0.00      0.00      0.00      0.00      0.00      0.00      0.00      0.00      0.00      0.00      0.00      0.00      0.00      0.00      0.00
    42.25    152.00    152.00    152.00    152.00    152.00    152.00    152.00    152.00    155.51    157.66    152.00    152.00    152.00    152.00    152.00    188.48    193.00    187.75    185.00    155.38    148.50    159.38    156.36    156.30    136.47      0.00      0.00    208.39    152.00    152.00    152.00    238.71    152.00    152.00      0.00      0.00      0.00      0.00      0.00      0.00    114.81     99.32    120.43     81.68    165.37     95.08     86.00     86.00    128.61    112.66     87.36     78.60     87.62    162.49    151.45    162.34    131.56    159.75    125.56      0.00      0.00      0.00      0.00      0.00      0.00      0.00      0.00      0.00      0.00      0.00      0.00      0.00      0.00      0.00      0.00      0.00      0.00      0.00      0.00      0.00
    41.75    152.00    152.00    152.00    152.00    152.00    152.00    152.00    152.00    152.00    159.47    156.47    152.00    152.00    152.00    152.00    172.78    185.16    156.86    156.80    176.11    156.97    152.00    152.00    152.00    152.00      0.00    189.70    222.94    169.33    205.62    152.00    152.00    152.00    152.00      0.00      0.00      0.00    181.44    152.00    177.88    173.66    135.78    152.00    143.93    113.99    113.11    167.72    167.72    161.65    132.51    156.57    102.36    111.36    160.50    160.48    165.00    165.00      0.00      0.00      0.00      0.00      0.00      0.00      0.00      0.00      0.00      0.00      0.00      0.00      0.00      0.00      0.00      0.00      0.00      0.00      0.00      0.00      0.00      0.00      0.00
    41.25    152.00    152.00    152.00    152.00    158.61    152.00    152.00    152.00    152.00    173.00    155.30    152.00    163.39    152.00    165.86    203.00    195.52    178.75    152.00    152.00    152.00    152.00    152.00    152.00    172.21    152.00    190.76    254.00    164.81    152.00    152.00    160.40    152.00    152.00    152.00    152.00    152.00    152.00    175.07    229.00    118.29    113.85    113.85    147.16    152.00    152.00    113.97    113.72    128.50    154.30    161.56    167.10    141.92    165.00      0.00      0.00      0.00      0.00      0.00      0.00      0.00      0.00      0.00      0.00      0.00      0.00      0.00      0.00      0.00      0.00      0.00      0.00      0.00      0.00      0.00      0.00      0.00      0.00      0.00      0.00
    40.75    152.00    152.00    152.00    152.00    152.00    152.00    152.00    152.00    152.00    165.35    152.00    166.81    160.18    156.64    152.00    152.00    152.00    165.90    152.00    152.00    152.00    152.00    152.00    152.00    152.00    152.00    173.18    164.78    152.00    152.00    152.00    152.00    152.00    152.00    165.19    161.42    164.40    154.93    127.48     96.13     89.18     86.00     86.00    165.87    152.00    125.77    120.37    152.00    118.08    151.89    134.27     15.00      0.00      0.00      0.00      0.00      0.00      0.00      0.00      0.00      0.00      0.00      0.00      0.00      0.00      0.00      0.00      0.00      0.00      0.00      0.00      0.00      0.00      0.00      0.00      0.00      0.00      0.00      0.00      0.00
    40.25    152.00    152.00    152.00    152.00    152.00    152.00    152.00    152.00    152.00    162.97    171.45    183.00    183.00    156.56    152.00    153.92    152.00    152.00    152.00    152.00    152.00    152.00    152.00    152.00    152.00    179.03    156.56    152.00    152.00    173.32    182.17    173.57    188.68    152.00    152.00    157.66    157.00    148.30    137.56    183.00    110.00    115.90    116.56    152.00    125.61    152.01    135.34    146.65    159.27    148.07    150.93    152.00      0.00      0.00      0.00      0.00      0.00      0.00      0.00      0.00      0.00      0.00      0.00      0.00      0.00      0.00      0.00      0.00      0.00      0.00      0.00      0.00      0.00      0.00      0.00      0.00      0.00      0.00      0.00      0.00
    39.75    152.00    152.00    152.00    126.53    152.00    152.00    152.00    152.00    171.19    170.55    161.32    183.00    171.21    168.35    152.00    185.06    163.78    180.46    152.00    152.00    152.00    154.01    152.00    152.00    172.93    164.45    155.81    152.00    152.00    158.01    197.08    181.18    184.58    197.33    160.31    137.15    176.31    170.75    166.28    183.00     90.87     97.43    111.73    111.83    180.13    100.62    151.37    160.74    157.00    154.05    152.00      0.00      0.00      0.00      0.00      0.00      0.00      0.00      0.00      0.00      0.00      0.00      0.00      0.00      0.00      0.00      0.00      0.00      0.00      0.00      0.00      0.00      0.00      0.00      0.00      0.00      0.00      0.00      0.00      0.00
    39.25    134.28     63.17     84.10    152.00    141.17    152.00    147.61    103.90    152.00    163.63    174.55    152.00    156.46    152.00    165.19    185.06    183.55    173.91    187.64    152.00    158.58    153.97    163.29    179.58    183.24    182.86    174.40    113.57    191.96    111.44    102.99    160.10    152.09    156.70    138.61    134.14    172.28    140.36     86.00    107.16     92.02     95.63     94.00    135.20    159.15    136.07    157.10    161.22    176.23    171.20      0.00      0.00      0.00      0.00      0.00      0.00      0.00      0.00      0.00      0.00      0.00      0.00      0.00      0.00      0.00      0.00      0.00      0.00      0.00      0.00      0.00      0.00      0.00      0.00      0.00      0.00      0.00      0.00      0.00      0.00
    38.75    158.36    156.46    152.00    127.85    111.62    183.00    145.75    145.79    179.14    151.50    133.44    164.03    183.00    164.67    167.91    184.84    177.76    179.03    188.26    123.91    157.32    171.21    167.22    162.09    165.58    186.79    164.70    181.59    243.18    122.92     71.00     71.00    113.86    137.00    130.33    180.66    193.00     96.79     86.00     91.04     84.79     94.73     84.11    136.51    101.92    166.92    192.25    177.54    190.02    197.05      0.00      0.00      0.00      0.00      0.00      0.00      0.00      0.00      0.00      0.00      0.00      0.00      0.00      0.00      0.00      0.00      0.00      0.00      0.00      0.00      0.00      0.00      0.00      0.00      0.00      0.00      0.00      0.00      0.00      0.00
    38.25    152.00    152.00    152.00    152.00    152.00    170.80    136.69    177.03    188.13    140.06    153.16    152.00    152.00    172.19    124.90    153.09    196.24    190.23    162.70    185.91    177.57    154.63    161.63    173.51    203.00    203.00    111.12    176.56    196.07     96.40    123.33    116.78    120.67    107.13    120.86     96.95     99.34    165.00     86.00     91.13     82.23    131.92    150.74    158.31    150.33    165.00    176.15      0.00    190.50      0.00      0.00      0.00      0.00      0.00      0.00      0.00      0.00      0.00      0.00      0.00      0.00      0.00      0.00      0.00      0.00      0.00      0.00      0.00      0.00      0.00      0.00      0.00      0.00      0.00      0.00      0.00      0.00      0.00      0.00      0.00
    37.75    152.00    152.00    168.99    152.00    176.69    180.89    109.64    176.74    128.93    201.05    166.32    152.00    144.77    196.12    168.32    134.29    158.12    180.48    142.26    152.50    196.75    193.31    169.51    200.61    175.56    173.46     93.27    121.41    161.34     92.71    107.89    166.12    137.00    122.02     81.00     91.82     95.12    114.20    133.81     86.15     86.68    137.06    162.40    153.78    168.61    165.00    165.00      0.00      0.00      0.00      0.00      0.00      0.00      0.00      0.00      0.00      0.00      0.00      0.00      0.00      0.00      0.00      0.00      0.00      0.00      0.00      0.00      0.00      0.00      0.00      0.00      0.00      0.00      0.00      0.00      0.00      0.00      0.00      0.00      0.00
    37.25    160.22    170.07    172.98    169.06    194.29    198.54    128.26     98.92    146.98    233.35    178.35    152.00    153.15    164.00    191.52    203.00    194.36    188.06    167.00    167.00    176.90    189.10    186.87    181.38    130.35    112.43     88.19     93.68    203.23    151.10    174.07    137.00    137.00    137.00     96.62     92.72    125.86    123.65    160.24    117.93    178.84    175.25    178.97    180.81    167.12    183.58    183.68      0.00      0.00      0.00      0.00      0.00      0.00      0.00      0.00      0.00      0.00      0.00      0.00      0.00      0.00      0.00      0.00      0.00      0.00      0.00      0.00      0.00      0.00      0.00      0.00      0.00      0.00      0.00      0.00      0.00      0.00      0.00      0.00      0.00
    36.75    159.61    165.00    158.41    190.22    190.04    203.00    222.58    114.47    198.00    205.21    158.19    152.00    179.42    196.37    203.00    203.00    203.00    203.00    168.47    198.65    179.56    177.47    165.00    159.63    203.00    176.60    212.59    179.27    176.22    123.40    182.25    181.34    177.89    146.59    154.02    183.00    152.05    127.59    133.98    186.55    190.00    190.00    162.59    176.05    163.61    181.11    169.20    196.50      0.00      0.00      0.00      0.00      0.00      0.00      0.00      0.00      0.00      0.00      0.00      0.00      0.00      0.00      0.00      0.00      0.00      0.00      0.00      0.00      0.00      0.00      0.00      0.00      0.00      0.00      0.00      0.00      0.00      0.00      0.00      0.00
    36.25    179.62    150.25    186.80    171.80    184.31    138.21    182.67     83.87    198.00    200.01    196.27    203.00    166.71    129.20    170.07    191.41    203.00    203.00    203.00    183.65    176.99    182.52    177.43    181.09    251.00    200.42    132.96    141.04    169.33     94.52    159.93    221.02    216.92    121.03    146.78    128.31    152.00    139.52    182.21    185.75    188.95    159.54    181.35    190.00    215.98    176.64    185.58    200.18      0.00      0.00      0.00      0.00      0.00      0.00      0.00      0.00      0.00      0.00      0.00      0.00      0.00      0.00      0.00      0.00      0.00      0.00      0.00      0.00      0.00      0.00      0.00      0.00      0.00      0.00      0.00      0.00      0.00      0.00      0.00      0.00
    35.75    174.99    165.00    168.86    190.63    193.92    130.42    127.00    170.65    198.00    172.45    172.98    157.00    157.00    157.00    157.00    157.00    114.15    179.94    161.00    188.03    171.21    168.52    198.43    189.37    204.37    179.40    108.89    147.04    176.04     86.00    179.31    207.54     78.59    108.86    135.38    102.78    152.59    186.88    190.00    151.23    178.91    177.51    186.84    227.75    209.06    192.45    199.57      0.00      0.00      0.00      0.00      0.00      0.00      0.00      0.00      0.00      0.00      0.00      0.00      0.00      0.00      0.00      0.00      0.00      0.00      0.00      0.00      0.00      0.00      0.00      0.00      0.00      0.00      0.00      0.00      0.00      0.00      0.00      0.00      0.00
    35.25    154.60    140.25    179.96    180.35    164.95    140.23    119.21    169.72    161.70    149.69    185.29    105.40     94.00    139.99     94.00     94.00    132.95    174.05    152.00    171.29    182.32    177.12    203.00    169.90    217.30    183.00    171.38    172.03     86.00    187.06    199.00    101.26    120.70     86.00    159.61    189.38    190.00    190.00    175.28    116.17    154.36    163.92    218.00    225.78    218.34    187.08    191.23      0.00      0.00      0.00      0.00      0.00      0.00      0.00      0.00      0.00      0.00      0.00      0.00      0.00      0.00      0.00      0.00      0.00      0.00      0.00      0.00      0.00      0.00      0.00      0.00      0.00      0.00      0.00      0.00      0.00      0.00      0.00      0.00      0.00
